0.03
0.08
0.06
0.08
0.08
0.04
0.07
0.09
0.06
0.05
0.05
0.09
0.07
0.04
0.08
0.04
0.03
0.06
0.03
0.02
0.03
0.01
0.03
0.02
0.03
0.01
0.02
0.03
0.02
0.04
0.03
0.01
0.02
0.03
0.02
0.01
0.02
0.02
0.02
0.03
0.02
0.05
0.07
0.04
0.05
0.08
0.04
0.07
0.04
0.04
0.08
0.07
0.02
0.03
0.02
0.02
0.03
0.03
0.02
0.01
0.02
0.07
0.02
0.01
0.02
0.03
0.03
0.01
0.03
0.02
0.03
0.01
0.02
0.03
0.02
0.02
0.03
0.03
0.03
0.02
0.01
0.2
0.04
0.2
0.2
0.09
0.21
0.08
0.21
0.2
0.26
0.05
0.06
0.1
0.06
0.21
0.2
0.09
0.09
0.09
0.09
0.01
0.01
0.01
0.03
0.03
0.02
0.03
0.03
0.03
0.04
0.03
0.02
0.02
0.02
0.01
0.03
0.02
0.05
0.01
0.04
0.05
0.15
0.07
0.14
0.08
0.12
0.1
0.19
0.06
0.17
0.06
0.09
0.03
0.07
0.03
0.16
0.03
0.03
0.06
0.07
0.27
0.26
0.32
0.82
0.34
1.38
0.47
0.35
0.22
0.25
0.18
0.19
0.15
0.15
0.15
0.47
0.27
0.04
0.02
0.05
0.06
0.02
0.06
0.02
0.04
0.06
0.05
0.05
0.04
0.05
0.03
0.05
0.04
0.03
0.07
0.03
0.03